# z n_z
5.000000000000000104e-03 0.000000000000000000e+00
1.499999999999999944e-02 9.672496914863586426e-01
2.500000000000000139e-02 2.682176828384399414e+00
3.500000000000000333e-02 1.929296493530273438e+00
4.499999999999999833e-02 2.513731718063354492e+00
5.500000000000000028e-02 5.293147563934326172e+00
6.500000000000000222e-02 3.679984569549560547e+00
7.500000000000001110e-02 8.459922790527343750e+00
8.499999999999999223e-02 1.121765899658203125e+01
9.500000000000000111e-02 8.327017784118652344e+00
1.050000000000000100e-01 1.124273967742919922e+01
1.149999999999999911e-01 1.806906127929687500e+01
1.250000000000000000e-01 3.446932220458984375e+01
1.350000000000000089e-01 7.618982696533203125e+01
1.450000000000000178e-01 1.479309204101562500e+03
1.549999999999999989e-01 5.591964843750000000e+03
1.650000000000000078e-01 8.406278320312500000e+03
1.749999999999999889e-01 9.244724609375000000e+03
1.849999999999999978e-01 9.029989257812500000e+03
1.950000000000000067e-01 9.684566406250000000e+03
2.050000000000000155e-01 1.142605371093750000e+04
2.149999999999999967e-01 1.301886816406250000e+04
2.250000000000000056e-01 1.423369140625000000e+04
2.349999999999999867e-01 1.501268164062500000e+04
2.449999999999999956e-01 1.516208203125000000e+04
2.550000000000000044e-01 1.593677539062500000e+04
2.650000000000000133e-01 1.738421093750000000e+04
2.750000000000000222e-01 1.973778906250000000e+04
2.850000000000000311e-01 2.196895703125000000e+04
2.949999999999999845e-01 2.332526953125000000e+04
3.049999999999999933e-01 2.360234765625000000e+04
3.150000000000000022e-01 2.258545312500000000e+04
3.250000000000000111e-01 2.231514062500000000e+04
3.350000000000000200e-01 2.332270312500000000e+04
3.450000000000000289e-01 2.575767968750000000e+04
3.549999999999999822e-01 2.815639062500000000e+04
3.649999999999999911e-01 3.006675000000000000e+04
3.750000000000000000e-01 3.123622656250000000e+04
3.850000000000000089e-01 3.176130468750000000e+04
3.950000000000000178e-01 3.262108593750000000e+04
4.050000000000000266e-01 3.342533593750000000e+04
4.150000000000000355e-01 3.506396875000000000e+04
4.249999999999999889e-01 3.691531250000000000e+04
4.349999999999999978e-01 3.885409375000000000e+04
4.450000000000000067e-01 4.112593750000000000e+04
4.550000000000000155e-01 4.333682812500000000e+04
4.650000000000000244e-01 4.538889062500000000e+04
4.749999999999999778e-01 4.715835937500000000e+04
4.849999999999999867e-01 4.835665625000000000e+04
4.949999999999999956e-01 4.918942187500000000e+04
5.050000000000000044e-01 4.969121875000000000e+04
5.150000000000000133e-01 5.091685937500000000e+04
5.250000000000000222e-01 5.260009375000000000e+04
5.350000000000000311e-01 5.399434375000000000e+04
5.450000000000000400e-01 5.544518750000000000e+04
5.550000000000000488e-01 5.653440625000000000e+04
5.650000000000000577e-01 5.767721875000000000e+04
5.749999999999999556e-01 5.804765625000000000e+04
5.849999999999999645e-01 5.814284375000000000e+04
5.949999999999999734e-01 5.772759375000000000e+04
6.049999999999999822e-01 5.620650000000000000e+04
6.149999999999999911e-01 5.428037500000000000e+04
6.250000000000000000e-01 5.154937500000000000e+04
6.350000000000000089e-01 4.865853125000000000e+04
6.450000000000000178e-01 4.554240625000000000e+04
6.550000000000000266e-01 4.288837500000000000e+04
6.650000000000000355e-01 4.043918750000000000e+04
6.750000000000000444e-01 3.788484375000000000e+04
6.850000000000000533e-01 3.579625000000000000e+04
6.950000000000000622e-01 3.396621875000000000e+04
7.050000000000000711e-01 3.304240625000000000e+04
7.149999999999999689e-01 3.240593750000000000e+04
7.249999999999999778e-01 3.202550000000000000e+04
7.349999999999999867e-01 3.193856250000000000e+04
7.449999999999999956e-01 3.210190625000000000e+04
7.550000000000000044e-01 3.257625000000000000e+04
7.650000000000000133e-01 3.310425000000000000e+04
7.750000000000000222e-01 3.354893750000000000e+04
7.850000000000000311e-01 3.357900000000000000e+04
7.950000000000000400e-01 3.405812500000000000e+04
8.050000000000000488e-01 3.425725000000000000e+04
8.150000000000000577e-01 3.438700000000000000e+04
8.250000000000000666e-01 3.406081250000000000e+04
8.349999999999999645e-01 3.382818750000000000e+04
8.449999999999999734e-01 3.318018750000000000e+04
8.549999999999999822e-01 3.222825000000000000e+04
8.649999999999999911e-01 3.083587500000000000e+04
8.750000000000000000e-01 2.859481250000000000e+04
8.850000000000000089e-01 2.547150000000000000e+04
8.950000000000000178e-01 2.127187500000000000e+04
9.050000000000000266e-01 1.598956250000000000e+04
9.150000000000000355e-01 1.094081250000000000e+04
9.250000000000000444e-01 6.750687500000000000e+03
9.350000000000000533e-01 3.825250000000000000e+03
9.450000000000000622e-01 2.303750000000000000e+03
9.550000000000000711e-01 1.579937500000000000e+03
9.649999999999999689e-01 1.103812500000000000e+03
9.749999999999999778e-01 7.896250000000000000e+02
9.849999999999999867e-01 6.743125000000000000e+02
9.949999999999999956e-01 5.008750000000000000e+02
1.004999999999999893e+00 3.693750000000000000e+02
1.015000000000000124e+00 2.598125000000000000e+02
1.024999999999999911e+00 2.096875000000000000e+02
1.035000000000000142e+00 1.685625000000000000e+02
1.044999999999999929e+00 1.245000000000000000e+02
1.055000000000000160e+00 1.155625000000000000e+02
1.064999999999999947e+00 9.168750000000000000e+01
1.075000000000000178e+00 7.362500000000000000e+01
1.084999999999999964e+00 6.818750000000000000e+01
1.095000000000000195e+00 5.618750000000000000e+01
1.104999999999999982e+00 3.800000000000000000e+01
1.115000000000000213e+00 3.043750000000000000e+01
1.125000000000000000e+00 2.062500000000000000e+01
1.135000000000000231e+00 1.800000000000000000e+01
1.145000000000000018e+00 1.643750000000000000e+01
1.155000000000000027e+00 1.793750000000000000e+01
1.165000000000000036e+00 2.062500000000000000e+01
1.174999999999999822e+00 1.700000000000000000e+01
1.185000000000000053e+00 1.675000000000000000e+01
1.194999999999999840e+00 1.187500000000000000e+00
1.205000000000000071e+00 0.000000000000000000e+00
1.214999999999999858e+00 0.000000000000000000e+00
1.225000000000000089e+00 0.000000000000000000e+00
1.234999999999999876e+00 0.000000000000000000e+00
1.245000000000000107e+00 0.000000000000000000e+00
1.254999999999999893e+00 0.000000000000000000e+00
1.265000000000000124e+00 0.000000000000000000e+00
1.274999999999999911e+00 0.000000000000000000e+00
1.285000000000000142e+00 0.000000000000000000e+00
1.294999999999999929e+00 0.000000000000000000e+00
1.305000000000000160e+00 0.000000000000000000e+00
1.314999999999999947e+00 0.000000000000000000e+00
1.325000000000000178e+00 0.000000000000000000e+00
1.334999999999999964e+00 0.000000000000000000e+00
1.345000000000000195e+00 0.000000000000000000e+00
1.354999999999999982e+00 0.000000000000000000e+00
1.365000000000000213e+00 0.000000000000000000e+00
1.375000000000000000e+00 0.000000000000000000e+00
1.385000000000000231e+00 0.000000000000000000e+00
1.395000000000000018e+00 0.000000000000000000e+00
1.405000000000000027e+00 0.000000000000000000e+00
1.415000000000000036e+00 0.000000000000000000e+00
1.424999999999999822e+00 0.000000000000000000e+00
1.435000000000000053e+00 0.000000000000000000e+00
1.444999999999999840e+00 0.000000000000000000e+00
1.455000000000000071e+00 0.000000000000000000e+00
1.464999999999999858e+00 0.000000000000000000e+00
1.475000000000000089e+00 0.000000000000000000e+00
1.484999999999999876e+00 0.000000000000000000e+00
1.495000000000000107e+00 0.000000000000000000e+00
1.504999999999999893e+00 0.000000000000000000e+00
1.515000000000000124e+00 0.000000000000000000e+00
1.524999999999999911e+00 0.000000000000000000e+00
1.535000000000000142e+00 0.000000000000000000e+00
1.544999999999999929e+00 0.000000000000000000e+00
1.555000000000000160e+00 0.000000000000000000e+00
1.564999999999999947e+00 0.000000000000000000e+00
1.575000000000000178e+00 0.000000000000000000e+00
1.584999999999999964e+00 0.000000000000000000e+00
1.595000000000000195e+00 0.000000000000000000e+00
1.604999999999999982e+00 0.000000000000000000e+00
1.615000000000000213e+00 0.000000000000000000e+00
1.625000000000000000e+00 0.000000000000000000e+00
1.635000000000000231e+00 0.000000000000000000e+00
1.645000000000000018e+00 0.000000000000000000e+00
1.655000000000000249e+00 0.000000000000000000e+00
1.665000000000000036e+00 0.000000000000000000e+00
1.674999999999999822e+00 0.000000000000000000e+00
1.685000000000000053e+00 0.000000000000000000e+00
1.694999999999999840e+00 0.000000000000000000e+00
1.705000000000000071e+00 0.000000000000000000e+00
1.714999999999999858e+00 0.000000000000000000e+00
1.725000000000000089e+00 0.000000000000000000e+00
1.734999999999999876e+00 0.000000000000000000e+00
1.745000000000000107e+00 0.000000000000000000e+00
1.754999999999999893e+00 0.000000000000000000e+00
1.765000000000000124e+00 0.000000000000000000e+00
1.774999999999999911e+00 0.000000000000000000e+00
1.785000000000000142e+00 0.000000000000000000e+00
1.794999999999999929e+00 0.000000000000000000e+00
1.805000000000000160e+00 0.000000000000000000e+00
1.814999999999999947e+00 0.000000000000000000e+00
1.825000000000000178e+00 0.000000000000000000e+00
1.834999999999999964e+00 0.000000000000000000e+00
1.845000000000000195e+00 0.000000000000000000e+00
1.854999999999999982e+00 0.000000000000000000e+00
1.865000000000000213e+00 0.000000000000000000e+00
1.875000000000000000e+00 0.000000000000000000e+00
1.885000000000000231e+00 0.000000000000000000e+00
1.895000000000000018e+00 0.000000000000000000e+00
1.905000000000000249e+00 0.000000000000000000e+00
1.915000000000000036e+00 0.000000000000000000e+00
1.924999999999999822e+00 0.000000000000000000e+00
1.935000000000000053e+00 0.000000000000000000e+00
1.944999999999999840e+00 0.000000000000000000e+00
1.955000000000000071e+00 0.000000000000000000e+00
1.964999999999999858e+00 0.000000000000000000e+00
1.975000000000000089e+00 0.000000000000000000e+00
1.984999999999999876e+00 0.000000000000000000e+00
1.995000000000000107e+00 0.000000000000000000e+00
2.004999999999999893e+00 0.000000000000000000e+00
2.015000000000000124e+00 0.000000000000000000e+00
2.025000000000000355e+00 0.000000000000000000e+00
2.035000000000000142e+00 0.000000000000000000e+00
2.044999999999999929e+00 0.000000000000000000e+00
2.054999999999999716e+00 0.000000000000000000e+00
2.064999999999999947e+00 0.000000000000000000e+00
2.075000000000000178e+00 0.000000000000000000e+00
2.084999999999999964e+00 0.000000000000000000e+00
2.094999999999999751e+00 0.000000000000000000e+00
2.104999999999999982e+00 0.000000000000000000e+00
2.115000000000000213e+00 0.000000000000000000e+00
2.125000000000000000e+00 0.000000000000000000e+00
2.134999999999999787e+00 0.000000000000000000e+00
2.145000000000000018e+00 0.000000000000000000e+00
2.155000000000000249e+00 0.000000000000000000e+00
2.165000000000000036e+00 0.000000000000000000e+00
2.174999999999999822e+00 0.000000000000000000e+00
2.185000000000000053e+00 0.000000000000000000e+00
2.195000000000000284e+00 0.000000000000000000e+00
2.205000000000000071e+00 0.000000000000000000e+00
2.214999999999999858e+00 0.000000000000000000e+00
2.225000000000000089e+00 0.000000000000000000e+00
2.235000000000000320e+00 0.000000000000000000e+00
2.245000000000000107e+00 0.000000000000000000e+00
2.254999999999999893e+00 0.000000000000000000e+00
2.265000000000000124e+00 0.000000000000000000e+00
2.275000000000000355e+00 0.000000000000000000e+00
2.285000000000000142e+00 0.000000000000000000e+00
2.294999999999999929e+00 0.000000000000000000e+00
2.305000000000000160e+00 0.000000000000000000e+00
2.314999999999999947e+00 0.000000000000000000e+00
2.325000000000000178e+00 0.000000000000000000e+00
2.334999999999999964e+00 0.000000000000000000e+00
2.344999999999999751e+00 0.000000000000000000e+00
2.354999999999999982e+00 0.000000000000000000e+00
2.365000000000000213e+00 0.000000000000000000e+00
2.375000000000000000e+00 0.000000000000000000e+00
2.384999999999999787e+00 0.000000000000000000e+00
2.395000000000000018e+00 0.000000000000000000e+00
2.405000000000000249e+00 0.000000000000000000e+00
2.415000000000000036e+00 0.000000000000000000e+00
2.424999999999999822e+00 0.000000000000000000e+00
2.435000000000000053e+00 0.000000000000000000e+00
2.445000000000000284e+00 0.000000000000000000e+00
2.455000000000000071e+00 0.000000000000000000e+00
2.464999999999999858e+00 0.000000000000000000e+00
2.475000000000000089e+00 0.000000000000000000e+00
2.485000000000000320e+00 0.000000000000000000e+00
2.495000000000000107e+00 0.000000000000000000e+00
2.504999999999999893e+00 0.000000000000000000e+00
2.515000000000000124e+00 0.000000000000000000e+00
2.525000000000000355e+00 0.000000000000000000e+00
2.535000000000000142e+00 0.000000000000000000e+00
2.544999999999999929e+00 0.000000000000000000e+00
2.555000000000000160e+00 0.000000000000000000e+00
2.564999999999999947e+00 0.000000000000000000e+00
2.575000000000000178e+00 0.000000000000000000e+00
2.584999999999999964e+00 0.000000000000000000e+00
2.594999999999999751e+00 0.000000000000000000e+00
2.604999999999999982e+00 0.000000000000000000e+00
2.615000000000000213e+00 0.000000000000000000e+00
2.625000000000000000e+00 0.000000000000000000e+00
2.634999999999999787e+00 0.000000000000000000e+00
2.645000000000000018e+00 0.000000000000000000e+00
2.655000000000000249e+00 0.000000000000000000e+00
2.665000000000000036e+00 0.000000000000000000e+00
2.674999999999999822e+00 0.000000000000000000e+00
2.685000000000000053e+00 0.000000000000000000e+00
2.695000000000000284e+00 0.000000000000000000e+00
2.705000000000000071e+00 0.000000000000000000e+00
2.714999999999999858e+00 0.000000000000000000e+00
2.725000000000000089e+00 0.000000000000000000e+00
2.735000000000000320e+00 0.000000000000000000e+00
2.745000000000000107e+00 0.000000000000000000e+00
2.754999999999999893e+00 0.000000000000000000e+00
2.765000000000000124e+00 0.000000000000000000e+00
2.775000000000000355e+00 0.000000000000000000e+00
2.785000000000000142e+00 0.000000000000000000e+00
2.794999999999999929e+00 0.000000000000000000e+00
2.805000000000000160e+00 0.000000000000000000e+00
2.814999999999999947e+00 0.000000000000000000e+00
2.825000000000000178e+00 0.000000000000000000e+00
2.834999999999999964e+00 0.000000000000000000e+00
2.844999999999999751e+00 0.000000000000000000e+00
2.854999999999999982e+00 0.000000000000000000e+00
2.865000000000000213e+00 0.000000000000000000e+00
2.875000000000000000e+00 0.000000000000000000e+00
2.884999999999999787e+00 0.000000000000000000e+00
2.895000000000000018e+00 0.000000000000000000e+00
2.905000000000000249e+00 0.000000000000000000e+00
2.915000000000000036e+00 0.000000000000000000e+00
2.924999999999999822e+00 0.000000000000000000e+00
2.935000000000000053e+00 0.000000000000000000e+00
2.945000000000000284e+00 0.000000000000000000e+00
2.955000000000000071e+00 0.000000000000000000e+00
2.964999999999999858e+00 0.000000000000000000e+00
2.975000000000000089e+00 0.000000000000000000e+00
2.985000000000000320e+00 0.000000000000000000e+00
2.995000000000000107e+00 0.000000000000000000e+00
