# z n_z
5.000000000000000104e-03 2.299534261144854652e-02
1.499999999999999944e-02 5.221980023283429723e-02
2.500000000000000139e-02 8.203267578239989422e-02
3.500000000000000333e-02 1.129385172729787806e-01
4.499999999999999833e-02 1.452168707660023705e-01
5.500000000000000028e-02 1.788814391357468891e-01
6.500000000000000222e-02 2.137371700699803589e-01
7.500000000000001110e-02 2.496581884342705671e-01
8.499999999999999223e-02 2.868152021704991617e-01
9.500000000000000111e-02 3.255566543741554297e-01
1.050000000000000100e-01 3.660187733446254033e-01
1.149999999999999911e-01 4.077140366746022093e-01
1.250000000000000000e-01 4.498853321386014903e-01
1.350000000000000089e-01 4.919021283476890938e-01
1.450000000000000178e-01 5.337091646665528266e-01
1.549999999999999989e-01 5.755183684945011091e-01
1.650000000000000078e-01 6.182343193771951961e-01
1.749999999999999889e-01 6.622949326914256973e-01
1.849999999999999978e-01 7.074115118664419111e-01
1.950000000000000067e-01 7.527392704026644177e-01
2.050000000000000155e-01 7.974644820725540484e-01
2.149999999999999967e-01 8.403998604305213949e-01
2.250000000000000056e-01 8.801079817133088401e-01
2.349999999999999867e-01 9.163561860934552605e-01
2.449999999999999956e-01 9.488255390484356955e-01
2.550000000000000044e-01 9.770193475871152833e-01
2.650000000000000133e-01 1.000928894501042166e+00
2.750000000000000222e-01 1.020595452747469878e+00
2.850000000000000311e-01 1.035126491049678021e+00
2.949999999999999845e-01 1.044365880700297788e+00
3.049999999999999933e-01 1.050110633795346082e+00
3.150000000000000022e-01 1.054261025295015752e+00
3.250000000000000111e-01 1.057596507956982235e+00
3.350000000000000200e-01 1.059825190115687876e+00
3.450000000000000289e-01 1.059828947816761291e+00
3.549999999999999822e-01 1.058269444894859523e+00
3.649999999999999911e-01 1.057143318532374199e+00
3.750000000000000000e-01 1.058085090029844411e+00
3.850000000000000089e-01 1.062872900541213417e+00
3.950000000000000178e-01 1.072948706929700791e+00
4.050000000000000266e-01 1.088834705438047168e+00
4.150000000000000355e-01 1.109773931618305287e+00
4.249999999999999889e-01 1.134695055301864208e+00
4.349999999999999978e-01 1.162437632722612246e+00
4.450000000000000067e-01 1.192398298787534561e+00
4.550000000000000155e-01 1.224435548207988500e+00
4.650000000000000244e-01 1.258278056585359517e+00
4.749999999999999778e-01 1.293375287090173131e+00
4.849999999999999867e-01 1.329164530123143395e+00
4.949999999999999956e-01 1.364555805678313138e+00
5.050000000000000044e-01 1.397380575631029798e+00
5.150000000000000133e-01 1.423887976188715987e+00
5.250000000000000222e-01 1.439505008236197092e+00
5.350000000000000311e-01 1.440573685257984016e+00
5.450000000000000400e-01 1.427440789593555248e+00
5.550000000000000488e-01 1.402848313099252398e+00
5.650000000000000577e-01 1.370655556990276969e+00
5.749999999999999556e-01 1.334150654440190653e+00
5.849999999999999645e-01 1.296628989151682232e+00
5.949999999999999734e-01 1.261158150551604296e+00
6.049999999999999822e-01 1.229374581452815862e+00
6.149999999999999911e-01 1.201396513948278288e+00
6.250000000000000000e-01 1.176270747857419696e+00
6.350000000000000089e-01 1.153681315013735276e+00
6.450000000000000178e-01 1.134832412340663010e+00
6.550000000000000266e-01 1.120175841636629865e+00
6.650000000000000355e-01 1.108408128660946401e+00
6.750000000000000444e-01 1.097617564408623902e+00
6.850000000000000533e-01 1.086394528709206497e+00
6.950000000000000622e-01 1.075492651270238076e+00
7.050000000000000711e-01 1.066691369013057944e+00
7.149999999999999689e-01 1.060485444414368539e+00
7.249999999999999778e-01 1.056184176393775598e+00
7.349999999999999867e-01 1.051434794567141839e+00
7.449999999999999956e-01 1.043712700252904524e+00
7.550000000000000044e-01 1.032400033699907294e+00
7.650000000000000133e-01 1.018580005566070756e+00
7.750000000000000222e-01 1.002861917237212630e+00
7.850000000000000311e-01 9.848973518507301295e-01
7.950000000000000400e-01 9.647801252223082713e-01
8.050000000000000488e-01 9.431516573235937395e-01
8.150000000000000577e-01 9.203333171704055626e-01
8.250000000000000666e-01 8.968118515394731816e-01
8.349999999999999645e-01 8.726107330259990080e-01
8.449999999999999734e-01 8.470291909402497543e-01
8.549999999999999822e-01 8.193300962786659314e-01
8.649999999999999911e-01 7.894843921653194041e-01
8.750000000000000000e-01 7.581802548439370293e-01
8.850000000000000089e-01 7.271717438233402664e-01
8.950000000000000178e-01 6.988884159407489083e-01
9.050000000000000266e-01 6.752056010698194166e-01
9.150000000000000355e-01 6.571560058095760049e-01
9.250000000000000444e-01 6.452358093697498909e-01
9.350000000000000533e-01 6.384050769635349898e-01
9.450000000000000622e-01 6.345260128353562568e-01
9.550000000000000711e-01 6.308407123454038423e-01
9.649999999999999689e-01 6.238407213658020423e-01
9.749999999999999778e-01 6.108905431609089609e-01
9.849999999999999867e-01 5.932610077405517934e-01
9.949999999999999956e-01 5.725075712304653619e-01
1.004999999999999893e+00 5.495536211620675182e-01
1.015000000000000124e+00 5.243744377139819557e-01
1.024999999999999911e+00 4.966624364279514925e-01
1.035000000000000142e+00 4.671736463044443566e-01
1.044999999999999929e+00 4.372594804388349465e-01
1.055000000000000160e+00 4.083826673955839870e-01
1.064999999999999947e+00 3.816928081861686306e-01
1.075000000000000178e+00 3.579792231696827809e-01
1.084999999999999964e+00 3.375363754728559207e-01
1.095000000000000195e+00 3.201440271026980700e-01
1.104999999999999982e+00 3.051699931941496691e-01
1.115000000000000213e+00 2.916453320851801756e-01
1.125000000000000000e+00 2.789856763382719818e-01
1.135000000000000231e+00 2.671604054722342969e-01
1.145000000000000018e+00 2.566396460056342144e-01
1.155000000000000027e+00 2.479030684818366581e-01
1.165000000000000036e+00 2.408258044872454984e-01
1.174999999999999822e+00 2.350157423698111259e-01
1.185000000000000053e+00 2.301589680112539615e-01
1.194999999999999840e+00 2.255715343033646292e-01
1.205000000000000071e+00 2.206651728706482962e-01
1.214999999999999858e+00 2.149716554139686486e-01
1.225000000000000089e+00 2.080221105394679804e-01
1.234999999999999876e+00 1.997703248916942453e-01
1.245000000000000107e+00 1.906642083303882185e-01
1.254999999999999893e+00 1.810222410935148352e-01
1.265000000000000124e+00 1.709564213478013683e-01
1.274999999999999911e+00 1.607476103143465063e-01
1.285000000000000142e+00 1.506750962750417200e-01
1.294999999999999929e+00 1.409479046192493035e-01
1.305000000000000160e+00 1.317636705427653876e-01
1.314999999999999947e+00 1.232444429466318242e-01
1.325000000000000178e+00 1.155709993428988974e-01
1.334999999999999964e+00 1.086568512228293648e-01
1.345000000000000195e+00 1.021388274078965375e-01
1.354999999999999982e+00 9.570782439667784025e-02
1.365000000000000213e+00 8.912273416981719709e-02
1.375000000000000000e+00 8.234177930281835756e-02
1.385000000000000231e+00 7.543009444181300593e-02
1.395000000000000018e+00 6.840967445287306214e-02
1.405000000000000027e+00 6.145905443739096280e-02
1.415000000000000036e+00 5.480803621879322407e-02
1.424999999999999822e+00 4.862795010618156666e-02
1.435000000000000053e+00 4.301629527293049371e-02
1.444999999999999840e+00 3.795783913310533247e-02
1.455000000000000071e+00 3.331330688974596527e-02
1.464999999999999858e+00 2.893599781953008071e-02
1.475000000000000089e+00 2.487189278448816848e-02
1.484999999999999876e+00 2.124287377663167109e-02
1.495000000000000107e+00 1.817039954089628637e-02
1.504999999999999893e+00 1.568732712865576057e-02
1.515000000000000124e+00 1.376400655792845568e-02
1.524999999999999911e+00 1.230585198505951446e-02
1.535000000000000142e+00 1.120443856723103530e-02
1.544999999999999929e+00 1.033354399840633389e-02
1.555000000000000160e+00 9.588468574804467209e-03
1.564999999999999947e+00 8.934339769396559827e-03
1.575000000000000178e+00 8.370630303284946200e-03
1.584999999999999964e+00 7.888005359718690615e-03
1.595000000000000195e+00 7.477417772146987066e-03
1.604999999999999982e+00 7.110504463484369937e-03
1.615000000000000213e+00 6.738682269837349692e-03
1.625000000000000000e+00 6.320655669031017762e-03
1.635000000000000231e+00 5.842669101003707122e-03
1.645000000000000018e+00 5.352141884030929553e-03
1.655000000000000249e+00 4.899482720725928733e-03
1.665000000000000036e+00 4.502654747326050901e-03
1.674999999999999822e+00 4.153147477105025021e-03
1.685000000000000053e+00 3.844536378958126124e-03
1.694999999999999840e+00 3.595649553625725799e-03
1.705000000000000071e+00 3.411970350226699051e-03
1.714999999999999858e+00 3.285967621648993014e-03
1.725000000000000089e+00 3.205222463866781116e-03
1.734999999999999876e+00 3.141585570580337008e-03
1.745000000000000107e+00 3.051882274543300105e-03
1.754999999999999893e+00 2.903973197275821778e-03
1.765000000000000124e+00 2.687211718821492460e-03
1.774999999999999911e+00 2.399528446906109939e-03
1.785000000000000142e+00 2.095206305042764117e-03
1.794999999999999929e+00 1.830358279614696009e-03
1.805000000000000160e+00 1.646931691367249607e-03
1.814999999999999947e+00 1.575596207430245144e-03
1.825000000000000178e+00 1.635865499323975415e-03
1.834999999999999964e+00 1.835933873790732140e-03
1.845000000000000195e+00 2.173103773213652407e-03
1.854999999999999982e+00 2.632550138200624116e-03
1.865000000000000213e+00 3.183732593445784149e-03
1.875000000000000000e+00 3.783849960024222164e-03
1.885000000000000231e+00 4.398649132397363173e-03
1.895000000000000018e+00 4.988703832887455766e-03
1.905000000000000249e+00 5.499118495345857102e-03
1.915000000000000036e+00 5.900023768231045518e-03
1.924999999999999822e+00 6.183431438480260431e-03
1.935000000000000053e+00 6.362654598553381911e-03
1.944999999999999840e+00 6.496199548322344371e-03
1.955000000000000071e+00 6.622699989754743562e-03
1.964999999999999858e+00 6.761603881326068259e-03
1.975000000000000089e+00 6.907170995245878568e-03
1.984999999999999876e+00 7.026644595241339150e-03
1.995000000000000107e+00 7.078197290401492398e-03
2.004999999999999893e+00 7.011607193387735075e-03
2.015000000000000124e+00 6.826500235391143312e-03
2.025000000000000355e+00 6.524995460426116084e-03
2.035000000000000142e+00 6.109974820602275154e-03
2.044999999999999929e+00 5.581738020250934761e-03
2.054999999999999716e+00 4.978842351999654067e-03
2.064999999999999947e+00 4.359488675293253512e-03
2.075000000000000178e+00 3.778814513615643203e-03
2.084999999999999964e+00 3.266565825493530223e-03
2.094999999999999751e+00 2.827569212553085638e-03
2.104999999999999982e+00 2.457242046069316437e-03
2.115000000000000213e+00 2.176657530520458971e-03
2.125000000000000000e+00 2.001821777209821657e-03
2.134999999999999787e+00 1.939010880330135304e-03
2.145000000000000018e+00 1.981593066517974098e-03
2.155000000000000249e+00 2.112344558447416289e-03
2.165000000000000036e+00 2.311441755625761631e-03
2.174999999999999822e+00 2.552383774624244171e-03
2.185000000000000053e+00 2.793282361711645675e-03
2.195000000000000284e+00 2.973565063782811994e-03
2.205000000000000071e+00 3.034951522187127014e-03
2.214999999999999858e+00 2.988205323680338463e-03
2.225000000000000089e+00 2.844682767375503706e-03
2.235000000000000320e+00 2.607436228474732491e-03
2.245000000000000107e+00 2.315901133254364124e-03
2.254999999999999893e+00 2.017117508441051109e-03
2.265000000000000124e+00 1.744475086063380052e-03
2.275000000000000355e+00 1.516624475046678047e-03
2.285000000000000142e+00 1.341792873405380860e-03
2.294999999999999929e+00 1.226008792784574536e-03
2.305000000000000160e+00 1.168860272485167107e-03
2.314999999999999947e+00 1.162412444008498625e-03
2.325000000000000178e+00 1.190921528027411459e-03
2.334999999999999964e+00 1.233288911019070431e-03
2.344999999999999751e+00 1.272192130619789405e-03
2.354999999999999982e+00 1.306802326615254077e-03
2.365000000000000213e+00 1.340598965078371955e-03
2.375000000000000000e+00 1.386993106697039868e-03
2.384999999999999787e+00 1.456656074077954241e-03
2.395000000000000018e+00 1.559725651944660670e-03
2.405000000000000249e+00 1.698047705709604090e-03
2.415000000000000036e+00 1.862063795984165906e-03
2.424999999999999822e+00 2.030722695728143928e-03
2.435000000000000053e+00 2.172366021906850693e-03
2.445000000000000284e+00 2.243571087622416027e-03
2.455000000000000071e+00 2.213147992258421206e-03
2.464999999999999858e+00 2.113744774099671382e-03
2.475000000000000089e+00 1.991904942516309427e-03
2.485000000000000320e+00 1.881541865433280407e-03
2.495000000000000107e+00 1.803290916300322438e-03
2.504999999999999893e+00 1.769541719863253551e-03
2.515000000000000124e+00 1.783388191113689661e-03
2.525000000000000355e+00 1.841019124343538666e-03
2.535000000000000142e+00 1.926967221110968643e-03
2.544999999999999929e+00 2.020424856516689002e-03
2.555000000000000160e+00 2.122570846785928542e-03
2.564999999999999947e+00 2.241682061004272863e-03
2.575000000000000178e+00 2.377691425217797090e-03
2.584999999999999964e+00 2.530436668184126575e-03
2.594999999999999751e+00 2.696533667036585345e-03
2.604999999999999982e+00 2.866313064246360509e-03
2.615000000000000213e+00 3.014751222976802796e-03
2.625000000000000000e+00 3.105818217667151004e-03
2.634999999999999787e+00 3.106205399999862130e-03
2.645000000000000018e+00 3.012560610990699505e-03
2.655000000000000249e+00 2.826696450722811574e-03
2.665000000000000036e+00 2.584224091108953264e-03
2.674999999999999822e+00 2.314967133494024668e-03
2.685000000000000053e+00 2.031052422617181906e-03
2.695000000000000284e+00 1.739059395252924405e-03
2.705000000000000071e+00 1.463984808690132859e-03
2.714999999999999858e+00 1.226200108770519274e-03
2.725000000000000089e+00 1.035350760334698183e-03
2.735000000000000320e+00 8.922918277550120209e-04
2.745000000000000107e+00 7.911767661847274140e-04
2.754999999999999893e+00 7.198099478430541182e-04
2.765000000000000124e+00 6.615809796485467914e-04
2.775000000000000355e+00 6.020263865781280959e-04
2.785000000000000142e+00 5.349687353280951040e-04
2.794999999999999929e+00 4.699983636815085282e-04
2.805000000000000160e+00 4.173834796781788082e-04
2.814999999999999947e+00 3.839366811032412759e-04
2.825000000000000178e+00 3.734864649123788532e-04
2.834999999999999964e+00 3.875770977955343179e-04
2.844999999999999751e+00 4.257863685425051538e-04
2.854999999999999982e+00 4.850011631346968187e-04
2.865000000000000213e+00 5.589658495171843803e-04
2.875000000000000000e+00 6.378716064527614141e-04
2.884999999999999787e+00 7.114176219233460429e-04
2.895000000000000018e+00 7.788360623952488883e-04
2.905000000000000249e+00 8.377039426022274719e-04
2.915000000000000036e+00 8.800388043833900619e-04
2.924999999999999822e+00 8.922717843501922538e-04
2.935000000000000053e+00 8.625881679589888010e-04
2.945000000000000284e+00 8.048053265396935222e-04
2.955000000000000071e+00 7.344886610518373393e-04
2.964999999999999858e+00 6.613274361473756675e-04
2.975000000000000089e+00 5.896376988768892548e-04
2.985000000000000320e+00 5.188925760730475189e-04
2.995000000000000107e+00 4.462470081556836870e-04
